$ 1 0.000005 10.20027730826997 50 5 50
157 976 32 1040 32 0
197 848 32 928 32 0
w 976 160 1040 160 0
w 976 192 1072 192 0
w 1072 192 1072 160 0
w 976 224 1104 224 0
w 1104 224 1104 160 0
L -288 16 -288 -64 0 1 false 5 0
155 320 256 368 256 0 5
155 320 368 368 368 0 5
w 416 368 848 368 0
w 416 256 848 336 0
w 416 32 848 272 0
w 416 144 848 304 0
155 320 144 368 144 0 5
155 320 32 368 32 0 5
155 -128 16 -80 16 0 5
155 -128 128 -80 128 0 5
w -32 128 848 64 0
w -32 16 848 32 0
w -32 240 848 96 0
w -32 352 848 128 0
155 -128 352 -80 352 0 5
155 -128 240 -80 240 0 5
197 848 272 928 272 0
157 1248 32 1312 32 0
w 976 272 1152 272 0
w 1152 272 1152 32 0
w 1152 32 1248 32 0
w 976 304 1184 304 0
w 1184 304 1184 64 0
w 1184 64 1248 64 0
w 976 336 1216 336 0
w 1216 336 1216 96 0
w 1216 96 1248 96 0
w 976 368 1248 368 0
w 1248 368 1248 128 0
w 976 400 1312 400 0
w 1312 400 1312 176 0
w 976 432 1344 432 0
w 1344 432 1344 160 0
w 976 464 1376 464 0
w 1376 464 1376 160 0
w 1312 176 1312 160 0
w -288 16 -128 16 0
w -256 128 -128 128 0
L -256 128 -256 -64 0 1 false 5 0
L -224 240 -224 -64 0 0 false 5 0
w -224 240 -128 240 0
w -128 352 -192 352 0
w 320 32 -160 32 0
w 320 144 32 144 0
w 32 144 32 -16 0
w 32 -16 -128 -16 0
w 320 256 64 256 0
w 64 256 64 -32 0
w 64 -32 -96 -32 0
w 320 368 96 368 0
w 96 368 96 -48 0
w 96 -48 -64 -48 0
L -160 32 -160 -64 0 0 false 5 0
L -192 352 -192 -64 0 0 false 5 0
L -128 -16 -128 -64 0 0 false 5 0
L -96 -32 -96 -64 0 0 false 5 0
L -64 -48 -64 -64 0 0 false 5 0
L -256 448 -256 496 0 0 false 5 0
w -128 48 -160 48 0
w -128 160 -160 160 0
w -128 272 -160 272 0
w -128 384 -160 384 0
w 320 64 288 64 0
w 320 176 288 176 0
w 320 288 288 288 0
w 320 400 288 400 0
w 288 64 288 176 0
w 288 176 288 288 0
w 288 288 288 400 0
w -160 448 288 448 0
w 288 448 288 400 0
w -256 448 -160 448 0
w -160 448 -160 384 0
w -160 384 -160 272 0
w -160 272 -160 160 0
w -160 160 -160 48 0
